kerbin.mass=5.2915158^22
kerbin.radius=6^5
kerbin.atmosphere=7^4
kerbin.soi=8.4159286^7

mun.mass=9.7599066^20
mun.radius=2^5
mun.atmosphere=0^1
mun.soi=2.4295591^6

minmus.mass=2.645758^19
minmus.radius=6^4
minmus.atmosphere=0^1
minmus.soi=2.2474288^6

kerbol.mass=1.7565459^28
kerbol.radius=2.616^8
kerbol.atmosphere=0^1
kerbol.soi=1.135497132^12
# kerbol soi is Eeloo apoapsis times 10